DATASET_BOXPLOT
SEPARATOR COMMA
DATASET_LABEL,FST boxplot in the discovery cohort
COLOR,#2F4F4F
DATASET_SCALE,0-0-#bcbcbc-2-1-2,0.2-0.2-#bcbcbc-2-1-2,0.4-0.4-#bcbcbc-2-1-2,0.6-0.6-#bcbcbc-2-1-2,0.8-0.8-#bcbcbc-2-1-2,1.0-1.0-#bcbcbc-2-1-2
DATA
cluster_551_strain_0,0.7893906118197775,0.9902978847945084,0.9957463409802184,0.9957463409802184,0.999855165047497
cluster_540_strain_0,0.5727800722003062,0.9380845302175048,0.9836751477009388,0.9836751477009388,0.9981619522980414
cluster_692_strain_0,0.0783270338087001,0.5377157079743147,0.6890238552319129,0.6890238552319129,0.9984342381878032
cluster_68_strain_0,0.9201442004074348,0.9846291567479124,0.9910803306656908,0.9910803306656908,0.9999899412354281
cluster_553_strain_0,0.7754105917199194,0.9743792302201952,0.991728209006714,0.991728209006714,0.9997979631413416
cluster_2040_strain_0,0.7665062912192325,0.9265766559206504,0.9561880350107512,0.9561880350107512,0.998905684578024
cluster_159_strain_0,0.3127143815308057,0.8913446720875572,0.9372572508574656,0.9372572508574656,0.9997203265002154
cluster_388_strain_0,0.701035106314174,0.949844080938248,0.97623294638227,0.97623294638227,0.9995991808514744
cluster_448_strain_0,0.5564994220831432,0.9882840845329316,0.9908405201179616,0.9908405201179616,0.9989878670315484
cluster_309_strain_0,0.10931337443799416,0.6033846551265829,0.7372734524354336,0.7372734524354336,0.9982803502136772
cluster_4018_strain_0,0.7067667730715652,0.9922739842719536,0.9939674394775952,0.9939674394775952,0.9991527827879628
cluster_538_strain_0,0.7275884338814067,0.9169525018236536,0.9442104272767436,0.9442104272767436,0.9991209457593444
cluster_369_strain_0,0.6773605238396394,0.9907751030006036,0.9930860795418568,0.9930860795418568,0.9993791206513626
cluster_541_strain_0,0.7235292308532909,0.9294533734304544,0.9608710015183644,0.9608710015183644,0.9992127309658526
cluster_3259_strain_0,0.40766766778701596,0.8524074140654814,0.9126384435297924,0.9126384435297924,0.9976554714432476
cluster_411_strain_0,0.7774937226175375,0.9918592293877184,0.9934664066651908,0.9934664066651908,0.9987828264684612
cluster_85_strain_0,0.4497805178438085,0.8767830458400199,0.9493759590409332,0.9493759590409332,0.9992409624633064
cluster_62_strain_0,0.6062888521804034,0.9812863155403636,0.9945496988188344,0.9945496988188344,0.9997233715017009
cluster_212_strain_0,0.5096873202165699,0.865316629621933,0.9221405895790352,0.9221405895790352,0.9985405019921516
cluster_447_strain_0,0.7209997855227068,0.9270038470427491,0.9540234870741064,0.9540234870741064,0.9997386474889004
cluster_1315_strain_0,0.8449612977200333,0.9918119256227128,0.9932577595186334,0.9932577595186334,0.9993816793402824
cluster_4254_strain_0,0.2749997338688771,0.6718020458588325,0.7834467812648969,0.7834467812648969,0.9987460679493309
cluster_249_strain_0,0.5685881354172418,0.9266009381907272,0.9876683727124479,0.9876683727124479,0.999709978444071
cluster_2071_strain_0,0.18012298661815584,0.5802640796365139,0.7218532079083628,0.7218532079083628,0.9980589013449472
cluster_398_strain_0,0.7451453316262657,0.9916229480647459,0.9937014774915248,0.9937014774915248,0.9992638154246356
cluster_542_strain_0,0.7021741436296014,0.9031019720415272,0.9340720726946976,0.9340720726946976,0.9997045962242544
cluster_265_strain_0,0.16732250321569853,0.6876065264199795,0.809918066557366,0.809918066557366,0.998160897668982
cluster_67_strain_0,0.4566713332581359,0.9704098647711517,0.9843419746274028,0.9843419746274028,0.9999649619297892
cluster_63_strain_0,0.32391236385108196,0.8933647967390609,0.9855215675709804,0.9855215675709804,0.9992953087672329
cluster_3594_strain_0,0.8333787451361139,0.9952266525801028,0.996747642726512,0.996747642726512,0.9995285910815136
cluster_121_strain_0,-0.0008677460766193246,0.8882203496728656,0.9363806482669491,0.9363806482669491,0.9998802643561224
cluster_61_strain_0,0.5237841387208013,0.8725010864382893,0.928133091723072,0.928133091723072,0.9994915522014772
cluster_134_strain_0,0.5140415991236154,0.8866837990413785,0.9342196170676302,0.9342196170676302,0.9998785263599174
cluster_418_strain_0,0.5595888435169939,0.9870628181508588,0.9935648068638788,0.9935648068638788,0.9994358830023672
cluster_674_strain_0,0.5869682441566965,0.9747578708810544,0.9940176010173114,0.9940176010173114,0.999413911489716
cluster_248_strain_0,0.4495695842231089,0.9870509497500648,0.9908396008747228,0.9908396008747228,0.999280260454228
cluster_389_strain_0,0.614287659086244,0.9399081883636421,0.9704828100390536,0.9704828100390536,0.9997441951987408
cluster_419_strain_0,0.6765470596497064,0.9746096192509948,0.9938859619683442,0.9938859619683442,0.999880470842495
cluster_112_strain_0,0.3422886046172888,0.7696079385073569,0.8611793479266745,0.8611793479266745,0.9991383473114664
cluster_632_strain_0,0.34014075520993337,0.979631968359086,0.9887961411883714,0.9887961411883714,0.9989457796257086
cluster_357_strain_0,0.5836196725919762,0.9908136890675572,0.9933941180576784,0.9933941180576784,0.9995674607480134
cluster_3964_strain_0,0.3285650565565135,0.7890136039156361,0.8728397211965016,0.8728397211965016,0.9985539053386202
cluster_3041_strain_0,0.6365564374553172,0.9889341604298304,0.9916369122321378,0.9916369122321378,0.9993241256434804
cluster_3906_strain_0,0.5799027954735057,0.9812543209896174,0.9858756967798628,0.9858756967798628,0.9987697245922876
cluster_549_strain_0,0.5678330349646681,0.9558542489772252,0.9734512254320205,0.9734512254320205,0.9998749185208676
cluster_33_strain_0,0.7174962641644319,0.9142149185264936,0.9421947801987544,0.9421947801987544,0.9997441517160006
cluster_3710_strain_0,0.6062929880121546,0.9847028692471432,0.9894445530418694,0.9894445530418694,0.997834624500318
cluster_548_strain_0,0.7885179897649172,0.9490638672198938,0.9803598331003271,0.9803598331003271,0.9996115955823256
cluster_417_strain_0,0.8872301811757195,0.9716723143756189,0.9839958226856692,0.9839958226856692,0.9999046862408102
cluster_853_strain_0,0.6972979229908496,0.987316512641202,0.9895402514786684,0.9895402514786684,0.9987729749677664
cluster_452_strain_0,0.6459473249855303,0.9843443476847906,0.9951375059405247,0.9951375059405247,0.9999087249349125
cluster_246_strain_0,0.6696350145775225,0.9437041712325251,0.9662998090693998,0.9662998090693998,0.9998666378473248
cluster_3646_strain_0,0.4722662715955204,0.8869613092962934,0.970661170444672,0.970661170444672,0.9981498575738762
cluster_530_strain_0,0.4717135041474669,0.93795995207137,0.9819780981528492,0.9819780981528492,0.9999999996102014
cluster_113_strain_0,0.707109041374899,0.9917222119411204,0.9938551531296552,0.9938551531296552,0.9993681050452166
cluster_284_strain_0,0.7738590278919205,0.9905194193430354,0.9925975114329656,0.9925975114329656,0.99934192863581
cluster_16_strain_0,0.619780898147159,0.9812029005966858,0.9861291706382708,0.9861291706382708,0.9989690717059612
cluster_114_strain_0,0.4327166384540085,0.8821346533003215,0.937347782458687,0.937347782458687,0.999534677471688
cluster_706_strain_0,0.35740704494843,0.9257499226181288,0.975454190906846,0.975454190906846,0.9991895719508646
cluster_243_strain_0,0.9617391636009897,0.9902751909278986,0.9934760075200154,0.9934760075200154,0.9999890748887356
cluster_629_strain_0,0.21700954639510076,0.7523914954743396,0.8679213997631503,0.8679213997631503,0.99954237715771
cluster_3593_strain_0,0.5542384205735715,0.9866828637336068,0.9922965591143844,0.9922965591143844,0.9988566428884784
cluster_429_strain_0,0.6815979983631892,0.9870769079589354,0.9924651094274808,0.9924651094274808,0.9996662765197089
cluster_494_strain_0,0.18018508952681894,0.7590858488257117,0.8570647413416452,0.8570647413416452,0.9981464071264008
cluster_668_strain_0,0.3299374623679849,0.9891093326961524,0.9925282747112888,0.9925282747112888,0.9992600215359236
cluster_282_strain_0,0.7534634364416569,0.9955581944479543,0.9964408575588728,0.9964408575588728,0.999763323888172
cluster_1823_strain_0,0.4579407397240839,0.9819033166274376,0.9859585421472624,0.9859585421472624,0.9978163174191724
cluster_675_strain_0,0.5651433838465227,0.9876263680872496,0.996101601682698,0.996101601682698,0.9998872268724848
cluster_135_strain_0,0.2432678026103077,0.8922870506178479,0.9417730545070668,0.9417730545070668,0.9994395413320966
cluster_242_strain_0,0.5935300843806557,0.987069237720972,0.98995268364292,0.98995268364292,0.9994720571653316
cluster_339_strain_0,0.2216336634439305,0.7093681827793868,0.8216254603377642,0.8216254603377642,0.998666468398078
cluster_238_strain_0,0.8726117407924432,0.9925839754660154,0.994895634637364,0.994895634637364,0.9996795902995618
cluster_132_strain_0,0.0630717494447558,0.797506710151052,0.8832312030858311,0.8832312030858311,0.999252959664906
cluster_298_strain_0,0.17190497390942627,0.7626157734353474,0.903408468647664,0.903408468647664,0.9987690716995332
cluster_440_strain_0,0.8250208766196587,0.9946025960501244,0.9961842427738664,0.9961842427738664,0.9998185125042044
cluster_525_strain_0,0.7130480932753087,0.9950714206380888,0.9961458251750768,0.9961458251750768,0.9993898706917541
cluster_566_strain_0,0.4492876068018663,0.9788168947580244,0.9926874611610071,0.9926874611610071,0.9990617906162288
cluster_235_strain_0,0.3693442067898404,0.8634442088412535,0.9495471048435942,0.9495471048435942,0.9996095786317132
cluster_544_strain_0,0.5609643822059773,0.8633278088658342,0.9583176639776924,0.9583176639776924,0.9975684597839201
cluster_233_strain_0,0.2110590188412028,0.8123681024751181,0.9187009261975124,0.9187009261975124,0.9995049815194822
cluster_543_strain_0,0.8413276623901743,0.9647854733507328,0.9819681869494272,0.9819681869494272,0.9999724853458124
